#enemy_color: "red"
enemy_color: "blue"


#####-----神经网络参数-----#####
yolo_name: yolov5
classify_model: assets/tiny_resnet.onnx
yolo11_model_path: assets/yolo11.xml
yolov8_model_path: assets/yolov8.xml
yolov5_model_path: assets/0526.onnx
device: CPU
min_confidence: 0.8
use_traditional: true

#####-----ROI-----#####
roi: 
  x: 420
  y: 50
  width: 600
  height: 600

use_roi: false

#####-----USB相机参数-----#####
image_width: 1280
image_height: 720
fov_h: 57.7 #87.7
fov_v: 56.7 
new_fov_h: 27 #67
new_fov_v: 40.9
usb_frame_rate: 120
usb_exposure: 500 #1-80000______250
usb_gamma: 160
usb_gain: 10 #0-96

#####-----工业相机参数-----#####
camera_name: "hikrobot"
exposure_ms: 6
gain: 12.0
vid_pid: "2bdf:0001"

#####-----传统方法参数-----#####
threshold: 150
max_angle_error: 45 # degree
min_lightbar_ratio: 1.5
max_lightbar_ratio: 20
min_lightbar_length: 8
min_armor_ratio: 1
max_armor_ratio: 5
max_side_ratio: 1.5
max_rectangular_error: 25 # degree
min_confidence: 0.8

#####-----cboard参数-----#####
quaternion_canid: 0x01
bullet_speed_canid: 0x110
send_canid: 0xff
can_interface: "can0"



#####-----gimbal参数-----#####
com_port: "/dev/gimbal"
serial_baudrate: 460800

#####-----tracker参数-----#####
min_detect_count: 5
max_temp_lost_count: 75
outpost_max_temp_lost_count: 300

#####-----aimer参数-----#####
yaw_offset: 1.8 # degree -2.5 正左
pitch_offset: -1.2  # degree 2 正上
comming_angle: 120 # degree
leaving_angle: 5 # degree
left_yaw_offset: -1
right_yaw_offset: -0.6
decision_speed: 2  # rad/s
high_speed_delay_time: 0.020 # s
low_speed_delay_time: 0.020 # s

#####-----小陀螺策略参数-----#####
# 可选策略: "preview" / "coming_leaving" / "adaptive"
# preview: 预瞄模式，云台提前指向装甲板即将出现的位置（守株待兔）
# coming_leaving: 根据旋转方向选择coming/leaving的装甲板
# adaptive: 根据转速和角度自动选择最优策略
spin_strategy: "adaptive"
static_track_face_angle: 15  # 预瞄追踪角度，degree
max_stability_track_rotate_speed: 0.0  # 云台最大稳定追踪角速度，rad/s
use_manual_rotate_speed: true  # 是否绕过观测角速度 true false
manual_rotate_speed: 2.513        # 手动角速度(rad/s)，正负表示旋转方向
spin_enter_speed: 2.4           # 进入小陀螺策略阈值(rad/s)
spin_exit_speed: 1.8            # 退出小陀螺策略阈值(rad/s)
spin_speed_lpf_alpha: 0.25      # 转速低通滤波系数(0~1)

#####-----shooter参数-----#####
first_tolerance: 1.0 # 近距离射击容差，degree
second_tolerance: 1.3 # 远距离射击容差，degree
judge_distance: 3 #距离判断阈值
auto_fire: true # 是否由自瞄控制射击
fire_cooldown: 0.0 # 开火静默时间，s
fire_cooldown_arm_delay: 0.5 # 开火后延迟触发静默，s

#####-----decider参数-----#####
mode: 1

#####-----工业相机标定参数-----#####
R_gimbal2imubody: [1, 0, 0, 0, 1, 0, 0, 0, 1]

# # 重投影误差: 0.1833px
# camera_matrix: [2414.9359264386621, 0, 717.26243105567414, 0, 2418.0489262208148, 582.68540529942845, 0, 0, 1]
# distort_coeffs: [-0.0209453389287673, 0.15028138841073832, -0.0006517722113234505, -0.0016861906197686788, 0]

# # 相机同理想情况的偏角: yaw-1.11 pitch0.01 roll-0.06 degree
# # 标定板到世界坐标系原点的水平距离: 1.20 m
# # 标定板同竖直摆放时的偏角: yaw123.89 pitch14.05 roll-0.86 degree
# R_camera2gimbal: [0.01928451708725664, 0.00012696140743255463, 0.99981402834802846, -0.99981344688553653, -0.0010834913551969569, 0.019284643459122196, 0.0010857382619952124, -0.99999940496346484, 0.00010604311483339372]
# t_camera2gimbal: [0.13089617453251859, 0.0038468007459533785, 0.094139945222010288]

# #  hero重投影误差: 0.0416px
# camera_matrix: [1462.8709543122836, 0, 714.42907334451832, 0, 1462.4766427972997, 541.7059967226121, 0, 0, 1]
# distort_coeffs: [-0.1211477883773746, 0.15824655435601387, 0.00012652706825206381, 0.00051299525279652626, 0]


# # 相机同理想情况的偏角: yaw0.93 pitch-2.10 roll0.75 degree
# # 标定板到世界坐标系原点的水平距离: 2.56 m
# # 标定板同竖直摆放时的偏角: yaw-27.77 pitch1.95 roll0.58 degree
# R_camera2gimbal: [-0.016711260438829624, -0.036507040888000532, 0.99919365977779673, -0.99977443457271675, 0.013710975127896825, -0.016220022683314444, -0.013107774385861925, -0.99923933325637448, -0.03672793383795641]
# t_camera2gimbal: [0.18177877835008543, 0.052837043573663936, 0.16332135392188338]

# 重投影误差: 0.0701px
camera_matrix: [1496.7282133870178, 0, 703.48011187720226, 0, 1495.8496601062975, 511.36755217336201, 0, 0, 1]
distort_coeffs: [-0.11598142711732945, 0.17236155058098887, -0.001061315320940821, 0.00011437298594513881, 0]


# 相机同理想情况的偏角: yaw0.02 pitch-1.39 roll0.94 degree
# 标定板到世界坐标系原点的水平距离: 3.86 m
# 标定板同竖直摆放时的偏角: yaw15.20 pitch5.02 roll1.57 degree
R_camera2gimbal: [-0.00080745267034094308, -0.024325685084067458, 0.99970376065381306, -0.99986421892128929, 0.016473563346798524, -0.0004067328096212692, -0.016458789174923136, -0.99956834821629359, -0.024335683739020817]
t_camera2gimbal: [0.16351110906775435, 0.067083328261776903, 0.19621404364255207]


#####-----MPC Planner 参数-----#####
# 允许的最大角加速度 (rad/s^2)
max_yaw_acc: 200.0
max_pitch_acc: 100.0

# 状态权重矩阵 Q [pos_weight, vel_weight]
# 越大越强行跟踪目标
Q_yaw: [2000.0, 10.0]
Q_pitch: [2000.0, 10.0]

# 控制权重矩阵 R [acc_weight]
# 越小响应越快，但也越容易震荡
R_yaw: [0.01]
R_pitch: [0.01]

# 允许开火的追踪误差阈值 (rad)
fire_thresh: 0.01

#####-----buff_detector参数-----#####
model: "assets/yolo11_buff_int8.xml"

#####-----buff_aimer参数-----#####
fire_gap_time: 0.520   # s
predict_time: 0.100     # s